2.2155418395996094  4  111   2701   14   111  224   75   10
2.763075590133667   4  67    5470   9    108  437   155  10
1.5099635124206543  4  82    2836   12   126  225   113  11
9.83553695678711    4  183   11106  24   347  795   323  16
2.582578182220459   4  103   4420   14   212  381   43   8
0.6428205966949463  4  68    2492   6    82   211   23   10
1.0743918418884277  4  89    1607   13   60   152   30   8
2.5383102893829346  4  149   10796  10   252  615   255  12
3.052309513092041   4  143   3247   17   142  271   3    12
48.551451206207275  4  345   99023  14   2072 2319  2073 17

