369.80554842948914 4.015964984893799 11 365 9 61 3760 28 11 
83.78287053108215 5.153653860092163 12 255 10 70 2937 36 12 
40.760082721710205 8.107306241989136 10 193 7 61 1624 36 10 
101.26725649833679 9.046501398086548 12 271 10 76 3113 38 12 
18.241029500961304 2.77232027053833 9 155 6 52 1148 29 9 
12.775671482086182 3.952030897140503 9 141 7 58 1200 32 9 
28.6932852268219 8.357025623321533 9 145 7 54 1232 32 9 
27.58180022239685 11.471973896026611 9 134 7 53 1144 29 9 
32.34790587425232 8.280450105667114 10 192 7 63 1616 38 10 
30.880969762802124 2.6964380741119385 9 197 7 47 1648 22 9 
