2144.838545322418 112.25586009025574 17 545 14 129 8430 77 17 
1240.1120207309723 194.54976153373718 17 402 13 163 5866 115 17 
1164.1610963344574 228.6847505569458 18 435 13 145 6342 98 18 
1456.4444341659546 240.6274802684784 18 476 12 167 6422 120 18 
1079.7323939800262 227.2107982635498 19 420 13 156 6146 105 19 
290.9685626029968 110.70479774475098 15 280 7 136 2360 107 15 
1534.600308895111 275.7181513309479 20 457 14 180 7155 126 20 
733.7723045349121 229.61132264137268 16 376 12 128 5096 83 16 
458.7757499217987 75.56629061698914 15 349 12 118 4732 73 15 
692.2865037918091 152.93020057678223 16 356 12 123 4836 82 16 
