2.093968629837036   5   73      2607    10      113      233    27       8
31.803288459777832  5   268     92407   10      287      859    4607     17
TO
MO
5.4659576416015625  6   225     10060   12      306      747    39       20
11.497714281082153  5   333     29362   20      162      948    768      24
331.7036316394806   6   583     618808  23      1915     27349  439      19
27.443557500839233  6   708     158235  30      810      5099   53       32
MO
8.724203109741211   6   248     6798    12      179      308    55       20

