1.4397876262664795  3  120  3437  12  108  257 97    9
0.395519495010376   3  43   551   7   20   47  18    6
3.6728410720825195  3  167  7575  14  173  562 200   15
0.32153940200805664 3  70   1636  7   59   163 11    10
0.21793413162231445 3  50   580   5   19   60  18    5
0.5875141620635986  3  95   1098  10  65   94  6     9
0.8570766448974609  3  85   1835  11  98   119 162   8
0.5399534702301025  3  47   664   8   26   61  19    6
0.498793363571167   3  60   613   7   31   58  15    6
0.3032650947570801  3  100  717   7   14   70  3     14

