19.91600799560547 17.90200448036194 5 85 3 46 360 33 5 
144.90629720687866 63.80718469619751 13 244 8 88 2313 54 13 
32.23567223548889 30.855531930923462 5 76 3 36 324 24 5 
14.335343360900879 13.03858995437622 5 74 3 33 316 21 5 
25.296442985534668 18.902626276016235 7 109 5 57 696 37 7 
23.44887638092041 21.552204847335815 6 82 4 45 440 30 6 
16.93387198448181 15.336704015731812 6 77 4 41 415 26 6 
19.806792497634888 18.28685212135315 5 74 3 41 316 31 5 
14.251733541488647 12.898767471313477 6 71 3 42 308 32 6 
65.73326563835144 61.87230682373047 5 101 3 55 424 42 5 
