2066.0275259017944 181.7781422138214 18 558 13 165 8064 117 18 
603.7787683010101 144.02963376045227 16 343 10 137 3949 98 16 
1094.8501062393188 228.3555862903595 18 407 11 180 5100 136 18 
1544.7773520946503 244.07112789154053 18 472 11 164 5880 120 18 
1324.0994803905487 155.96103024482727 17 475 13 137 6888 86 17 
476.04003620147705 168.6582386493683 15 326 9 147 3410 114 15 
362.0901229381561 136.49526500701904 16 306 6 135 2254 108 16 
554.9974234104156 105.7616331577301 16 336 12 139 4576 90 16 
965.3268327713013 235.28923916816711 17 394 10 156 4521 118 17 
910.4862501621246 243.1393587589264 17 383 10 146 4400 105 17 
