251.1440863609314 160.00983452796936 11 238 7 111 1992 82 11 
81.73567533493042 53.43703103065491 9 150 5 74 954 55 9 
47.63745856285095 31.33748173713684 8 134 6 58 994 36 8 
58.18035054206848 37.87749218940735 8 139 5 66 882 46 8 
48.38813924789429 22.02927303314209 10 154 8 72 1476 43 10 
71.92909812927246 45.86553740501404 9 177 6 78 1302 55 9 
52.056260108947754 34.611626386642456 8 146 6 63 1078 40 8 
40.532891511917114 28.827711582183838 9 128 5 62 822 40 9 
169.26666617393494 56.04327702522278 13 233 11 101 2952 60 13 
69.61377000808716 21.865030527114868 11 218 9 80 2290 45 11 
