445.14391469955444 114.5082802772522 14 308 9 125 3220 90 14 
281.7890536785126 76.52835869789124 11 270 9 107 2810 73 11 
135.2296540737152 70.34223318099976 12 200 8 88 1908 59 12 
289.048476934433 142.9901430606842 11 279 7 118 2320 90 11 
182.48901772499084 81.83733940124512 12 238 9 103 2500 69 12 
331.87478852272034 87.82417392730713 16 308 11 112 3888 70 16 
514.8422303199768 107.88420462608337 13 350 11 109 4356 69 13 
334.6850161552429 82.54664254188538 15 293 10 123 3388 84 15 
299.819712638855 112.65011835098267 12 290 10 118 3322 81 12 
663.5245490074158 182.98849606513977 14 400 12 128 5382 84 14 
