290.12557435035706 70.12784194946289 12 250 8 110 2358 80 12 
265.0746955871582 25.800389289855957 11 291 9 94 3020 61 11 
97.26774191856384 28.179267644882202 9 236 7 83 1960 57 9 
125.02430248260498 27.64835810661316 11 217 8 98 2052 66 11 
153.63344359397888 43.371211528778076 10 236 8 101 2214 69 10 
445.3859477043152 57.79397225379944 14 327 11 134 4092 94 14 
163.00374245643616 24.855993270874023 12 276 9 101 2880 67 12 
331.1657633781433 41.29348826408386 12 375 10 112 4257 74 12 
70.4457757472992 32.00763440132141 9 186 5 93 1170 76 9 
236.47959995269775 53.47138476371765 12 267 10 123 3069 86 12 
