52.575289726257324 20.63516855239868 11 177 6 88 1316 64 11 
23.3764009475708 6.782031059265137 10 136 8 68 1314 40 10 
138.81552720069885 28.503677129745483 11 249 9 92 2600 62 11 
31.763517379760742 16.389655828475952 9 136 5 70 870 50 9 
115.14625215530396 22.583220720291138 11 232 9 98 2430 65 11 
66.21152877807617 21.305099487304688 10 194 7 73 1632 48 10 
52.34575843811035 13.926421642303467 9 215 7 64 1792 38 9 
229.8220067024231 30.968255758285522 13 310 10 101 3553 61 13 
68.15741181373596 23.87327003479004 9 172 7 75 1448 51 9 
59.54965806007385 20.223515510559082 12 186 9 72 1980 41 12 
