90.75118207931519  5  252   196893   14   2398  3541    16895   24
2.1147031784057617 5  75    5423     9    344   437     63      9
59.42913460731506  5  280   167949   17   5060  5305    13363   12
162.7257435321808  4  310   232918   14   3884  11020   9927    20
6.287023544311523  5  207   7643     13   357   582     21      11
9.158974409103394  5  258   29261    12   642   1677    335     16
8.337482213973999  5  144   37443    16   1129  3093    123     16  
7.267740726470947  6  375   15957    24   401   883     243     17
7.617588520050049  5  220   25739    18   905   1414    111     16
1.1311092376708984 5  118   2233     15   115   164     27      12

